REMARK  Neural network 3-state phi/psi distribution prediction for ../asyn_gs_long_f.tab
REMARK    A: Alpha        (-160<Phi<0&-70<psi<60)
REMARK    P: Positive_Phi (0<Phi<160&-60<psi<95) 
REMARK    B: Beta         (all others)

VARS RESID RESNAME CS_CNT CS_CNT_R2 Q_A Q_B Q_P 
FORMAT %4d %1s %2d %2d %7.4f %7.4f %7.4f 

    1 V  3  3  0.0000  0.0000  0.0000 
    2 L  7  0  0.0041  0.9959  0.0000 
    3 Y  7  4  0.0235  0.9530  0.0234 
    4 V 10  3  0.0191  0.9809  0.0000 
    5 G 10  3  0.9262  0.0249  0.0489 
    6 S 11  4  0.0121  0.9839  0.0039 
    7 K 12  4  0.0076  0.9908  0.0016 
    8 T 12  4  0.0053  0.9927  0.0020 
    9 K 12  4  0.0115  0.9876  0.0009 
   10 E 11  4  0.0000  1.0000  0.0000 
   11 G 11  3  0.4631  0.4068  0.1301 
   12 V 11  4  0.0000  1.0000  0.0000 
   13 V 10  4  0.0000  0.9968  0.0032 
   14 H  7  2  0.0000  0.0000  0.0000 
   15 G  7  1  0.0000  0.0000  0.0000 
   16 V  9  4  0.0000  0.9867  0.0133 
   17 A 12  4  0.0146  0.9854  0.0000 
   18 T 12  4  0.0170  0.9830  0.0000 
   19 V  8  4  0.0022  0.9959  0.0019 
   20 A  4  0  0.0000  0.0000  0.0000 
   21 E  3  0  0.0000  0.0000  0.0000 
   22 K  7  3  0.0331  0.9627  0.0042 
   23 T  9  4  0.8031  0.1560  0.0409 
   24 K  6  2  0.0000  0.0000  0.0000 
   25 E  3  0  0.0000  0.0000  0.0000 
   26 Q  5  1  0.0000  0.0000  0.0000 
   27 V  9  4  0.0000  0.9955  0.0045 
   28 T 12  4  0.0144  0.9850  0.0006 
   29 N 12  4  0.0169  0.9831  0.0000 
   30 V 11  4  0.0381  0.9567  0.0052 
   31 G 10  3  0.0715  0.0145  0.9140 
   32 G 10  3  0.0000  1.0000  0.0000 
   33 A 11  4  0.0094  0.9903  0.0004 
   34 V 12  4  0.0061  0.9928  0.0010 
   35 V 12  4  0.0111  0.9889  0.0000 
   36 T 11  4  0.0697  0.9249  0.0054 
   37 G 11  3  0.0000  0.9715  0.0285 
   38 V 11  4  0.0089  0.9911  0.0000 
   39 T 12  4  0.0252  0.9748  0.0000 
   40 A 12  4  0.0219  0.9764  0.0018 
   41 V 12  4  0.0191  0.9802  0.0006 
   42 A 12  4  0.0187  0.9790  0.0023 
   43 Q 12  4  0.0000  0.9993  0.0007 
   44 K 12  4  0.9850  0.0029  0.0120 
   45 T 12  4  0.0075  0.9858  0.0067 
   46 V 12  4  0.0106  0.9882  0.0012 
   47 E 11  4  0.0080  0.9920  0.0000 
   48 G 11  3  0.0084  0.9916  0.0000 
   49 A 10  4  0.1814  0.8038  0.0148 
   50 G 11  3  0.0263  0.0185  0.9552 
   51 S 11  4  0.0330  0.9670  0.0000 
   52 I 12  4  0.0914  0.9009  0.0077 
   53 A 12  4  0.0858  0.9012  0.0130 
   54 A 12  4  0.0100  0.9870  0.0030 
   55 A 12  4  0.0164  0.9836  0.0000 
   56 T 11  4  0.0198  0.9758  0.0044 
   57 G 11  3  0.0270  0.9730  0.0000 
   58 F 11  4  0.0183  0.9817  0.0000 
   59 V 11  4  0.0368  0.9631  0.0001 
   60 K  9  3  0.0516  0.9333  0.0151 
   61 K  8  2  0.0336  0.9035  0.0629 
   62 G  9  3  0.2974  0.5587  0.1439 
   63 S 10  4  0.2959  0.6878  0.0162 
   64 G 11  3  0.3633  0.0804  0.5563 
   65 S 10  4  0.2685  0.6900  0.0414 
   66 G 11  3  0.3742  0.0986  0.5272 
   67 S 10  4  0.2707  0.6880  0.0413 
   68 G 11  3  0.3742  0.0986  0.5272 
   69 S 10  4  0.2707  0.6880  0.0413 
   70 G 11  3  0.3742  0.0986  0.5272 
   71 S 10  4  0.2707  0.6880  0.0413 
   72 G 11  3  0.3742  0.0986  0.5272 
   73 S 10  4  0.2707  0.6880  0.0413 
   74 G 11  3  0.3742  0.0986  0.5272 
   75 S 10  4  0.2707  0.6880  0.0413 
   76 G 11  3  0.3742  0.0986  0.5272 
   77 S 10  4  0.2707  0.6880  0.0413 
   78 G 11  3  0.3742  0.0986  0.5272 
   79 S 10  4  0.2707  0.6880  0.0413 
   80 G 11  3  0.3742  0.0986  0.5272 
   81 S 10  4  0.2707  0.6880  0.0413 
   82 G 11  3  0.3742  0.0986  0.5272 
   83 S 10  4  0.2707  0.6880  0.0413 
   84 G 11  3  0.3742  0.0986  0.5272 
   85 S 10  4  0.2707  0.6880  0.0413 
   86 G 11  3  0.3742  0.0986  0.5272 
   87 S 10  4  0.2707  0.6880  0.0413 
   88 G 11  3  0.3742  0.0986  0.5272 
   89 S 10  4  0.2707  0.6880  0.0413 
   90 G 11  3  0.3768  0.1023  0.5209 
   91 S 10  4  0.3098  0.6494  0.0408 
   92 G  7  3  0.1976  0.3045  0.4979 
   93 S  6  0  0.0498  0.9502  0.0000 
   94 V  3  3  0.0000  0.0000  0.0000 
   95 L  7  0  0.0123  0.9877  0.0000 
   96 Y  7  4  0.0233  0.9532  0.0235 
   97 V 10  3  0.0188  0.9812  0.0000 
   98 G 10  3  0.9262  0.0249  0.0489 
   99 S 11  4  0.0121  0.9839  0.0039 
  100 K 12  4  0.0076  0.9908  0.0016 
  101 T 12  4  0.0053  0.9927  0.0020 
  102 K 12  4  0.0115  0.9876  0.0009 
  103 E 11  4  0.0000  1.0000  0.0000 
  104 G 11  3  0.4631  0.4068  0.1301 
  105 V 11  4  0.0000  1.0000  0.0000 
  106 V 10  4  0.0000  0.9968  0.0032 
  107 H  7  2  0.0000  0.0000  0.0000 
  108 G  7  1  0.0000  0.0000  0.0000 
  109 V  9  4  0.0000  0.9867  0.0133 
  110 A 12  4  0.0146  0.9854  0.0000 
  111 T 12  4  0.0170  0.9830  0.0000 
  112 V  8  4  0.0022  0.9959  0.0019 
  113 A  4  0  0.0000  0.0000  0.0000 
  114 E  3  0  0.0000  0.0000  0.0000 
  115 K  7  3  0.0331  0.9627  0.0042 
  116 T  9  4  0.8031  0.1560  0.0409 
  117 K  6  2  0.0000  0.0000  0.0000 
  118 E  3  0  0.0000  0.0000  0.0000 
  119 Q  5  1  0.0000  0.0000  0.0000 
  120 V  9  4  0.0000  0.9955  0.0045 
  121 T 12  4  0.0144  0.9850  0.0006 
  122 N 12  4  0.0169  0.9831  0.0000 
  123 V 11  4  0.0381  0.9567  0.0052 
  124 G 10  3  0.0715  0.0145  0.9140 
  125 G 10  3  0.0000  1.0000  0.0000 
  126 A 11  4  0.0094  0.9903  0.0004 
  127 V 12  4  0.0061  0.9928  0.0010 
  128 V 12  4  0.0111  0.9889  0.0000 
  129 T 11  4  0.0697  0.9249  0.0054 
  130 G 11  3  0.0000  0.9715  0.0285 
  131 V 11  4  0.0089  0.9911  0.0000 
  132 T 12  4  0.0252  0.9748  0.0000 
  133 A 12  4  0.0219  0.9764  0.0018 
  134 V 12  4  0.0191  0.9802  0.0006 
  135 A 12  4  0.0187  0.9790  0.0023 
  136 Q 12  4  0.0000  0.9993  0.0007 
  137 K 12  4  0.9850  0.0029  0.0120 
  138 T 12  4  0.0075  0.9858  0.0067 
  139 V 12  4  0.0106  0.9882  0.0012 
  140 E 11  4  0.0080  0.9920  0.0000 
  141 G 11  3  0.0084  0.9916  0.0000 
  142 A 10  4  0.1814  0.8038  0.0148 
  143 G 11  3  0.0263  0.0185  0.9552 
  144 S 11  4  0.0330  0.9670  0.0000 
  145 I 12  4  0.0914  0.9009  0.0077 
  146 A 12  4  0.0858  0.9012  0.0130 
  147 A 12  4  0.0100  0.9870  0.0030 
  148 A 12  4  0.0164  0.9836  0.0000 
  149 T 11  4  0.0198  0.9758  0.0044 
  150 G 11  3  0.0270  0.9730  0.0000 
  151 F 11  4  0.0183  0.9817  0.0000 
  152 V 11  4  0.0368  0.9631  0.0001 
  153 K  9  3  0.0516  0.9333  0.0151 
  154 K  8  2  0.0336  0.9035  0.0629 
  155 G  9  3  0.2974  0.5587  0.1439 
  156 S 10  4  0.2959  0.6878  0.0162 
  157 G 11  3  0.3633  0.0804  0.5563 
  158 S 10  4  0.2685  0.6900  0.0414 
  159 G 11  3  0.3742  0.0986  0.5272 
  160 S 10  4  0.2707  0.6880  0.0413 
  161 G 11  3  0.3742  0.0986  0.5272 
  162 S 10  4  0.2707  0.6880  0.0413 
  163 G 11  3  0.3742  0.0986  0.5272 
  164 S 10  4  0.2707  0.6880  0.0413 
  165 G 11  3  0.3742  0.0986  0.5272 
  166 S 10  4  0.2707  0.6880  0.0413 
  167 G 11  3  0.3742  0.0986  0.5272 
  168 S 10  4  0.2707  0.6880  0.0413 
  169 G 11  3  0.3742  0.0986  0.5272 
  170 S 10  4  0.2707  0.6880  0.0413 
  171 G 11  3  0.3742  0.0986  0.5272 
  172 S 10  4  0.2707  0.6880  0.0413 
  173 G 11  3  0.3742  0.0986  0.5272 
  174 S 10  4  0.2707  0.6880  0.0413 
  175 G 11  3  0.3742  0.0986  0.5272 
  176 S 10  4  0.2707  0.6880  0.0413 
  177 G 11  3  0.3742  0.0986  0.5272 
  178 S 10  4  0.2707  0.6880  0.0413 
  179 G 11  3  0.3742  0.0986  0.5272 
  180 S 10  4  0.2707  0.6880  0.0413 
  181 G 11  3  0.3742  0.0986  0.5272 
  182 S 10  4  0.2707  0.6880  0.0413 
  183 G 11  3  0.3768  0.1023  0.5209 
  184 S 10  4  0.3098  0.6494  0.0408 
  185 G  7  3  0.1976  0.3045  0.4979 
  186 S  6  0  0.0498  0.9502  0.0000 
  187 V  3  3  0.0000  0.0000  0.0000 
  188 L  7  0  0.0123  0.9877  0.0000 
  189 Y  7  4  0.0233  0.9532  0.0235 
  190 V 10  3  0.0188  0.9812  0.0000 
  191 G 10  3  0.9262  0.0249  0.0489 
  192 S 11  4  0.0121  0.9839  0.0039 
  193 K 12  4  0.0076  0.9908  0.0016 
  194 T 12  4  0.0053  0.9927  0.0020 
  195 K 12  4  0.0115  0.9876  0.0009 
  196 E 11  4  0.0000  1.0000  0.0000 
  197 G 11  3  0.4631  0.4068  0.1301 
  198 V 11  4  0.0000  1.0000  0.0000 
  199 V 10  4  0.0000  0.9968  0.0032 
  200 H  7  2  0.0000  0.0000  0.0000 
  201 G  7  1  0.0000  0.0000  0.0000 
  202 V  9  4  0.0000  0.9867  0.0133 
  203 A 12  4  0.0146  0.9854  0.0000 
  204 T 12  4  0.0170  0.9830  0.0000 
  205 V  8  4  0.0022  0.9959  0.0019 
  206 A  4  0  0.0000  0.0000  0.0000 
  207 E  3  0  0.0000  0.0000  0.0000 
  208 K  7  3  0.0331  0.9627  0.0042 
  209 T  9  4  0.8031  0.1560  0.0409 
  210 K  6  2  0.0000  0.0000  0.0000 
  211 E  3  0  0.0000  0.0000  0.0000 
  212 Q  5  1  0.0000  0.0000  0.0000 
  213 V  9  4  0.0000  0.9955  0.0045 
  214 T 12  4  0.0144  0.9850  0.0006 
  215 N 12  4  0.0169  0.9831  0.0000 
  216 V 11  4  0.0381  0.9567  0.0052 
  217 G 10  3  0.0715  0.0145  0.9140 
  218 G 10  3  0.0000  1.0000  0.0000 
  219 A 11  4  0.0094  0.9903  0.0004 
  220 V 12  4  0.0061  0.9928  0.0010 
  221 V 12  4  0.0111  0.9889  0.0000 
  222 T 11  4  0.0697  0.9249  0.0054 
  223 G 11  3  0.0000  0.9715  0.0285 
  224 V 11  4  0.0089  0.9911  0.0000 
  225 T 12  4  0.0252  0.9748  0.0000 
  226 A 12  4  0.0219  0.9764  0.0018 
  227 V 12  4  0.0191  0.9802  0.0006 
  228 A 12  4  0.0187  0.9790  0.0023 
  229 Q 12  4  0.0000  0.9993  0.0007 
  230 K 12  4  0.9850  0.0029  0.0120 
  231 T 12  4  0.0075  0.9858  0.0067 
  232 V 12  4  0.0106  0.9882  0.0012 
  233 E 11  4  0.0080  0.9920  0.0000 
  234 G 11  3  0.0084  0.9916  0.0000 
  235 A 10  4  0.1814  0.8038  0.0148 
  236 G 11  3  0.0263  0.0185  0.9552 
  237 S 11  4  0.0330  0.9670  0.0000 
  238 I 12  4  0.0914  0.9009  0.0077 
  239 A 12  4  0.0858  0.9012  0.0130 
  240 A 12  4  0.0100  0.9870  0.0030 
  241 A 12  4  0.0164  0.9836  0.0000 
  242 T 11  4  0.0198  0.9758  0.0044 
  243 G 11  3  0.0270  0.9730  0.0000 
  244 F 11  4  0.0183  0.9817  0.0000 
  245 V 11  4  0.0368  0.9631  0.0001 
  246 K  9  3  0.0516  0.9333  0.0151 
  247 K  8  2  0.0336  0.9035  0.0629 
  248 G  9  3  0.2974  0.5587  0.1439 
  249 S 10  4  0.2959  0.6878  0.0162 
  250 G 11  3  0.3633  0.0804  0.5563 
  251 S 10  4  0.2685  0.6900  0.0414 
  252 G 11  3  0.3742  0.0986  0.5272 
  253 S 10  4  0.2707  0.6880  0.0413 
  254 G 11  3  0.3742  0.0986  0.5272 
  255 S 10  4  0.2707  0.6880  0.0413 
  256 G 11  3  0.3742  0.0986  0.5272 
  257 S 10  4  0.2707  0.6880  0.0413 
  258 G 11  3  0.3742  0.0986  0.5272 
  259 S 10  4  0.2707  0.6880  0.0413 
  260 G 11  3  0.3742  0.0986  0.5272 
  261 S 10  4  0.2707  0.6880  0.0413 
  262 G 11  3  0.3742  0.0986  0.5272 
  263 S 10  4  0.2707  0.6880  0.0413 
  264 G 11  3  0.3742  0.0986  0.5272 
  265 S 10  4  0.2707  0.6880  0.0413 
  266 G 11  3  0.3742  0.0986  0.5272 
  267 S 10  4  0.2707  0.6880  0.0413 
  268 G 11  3  0.3742  0.0986  0.5272 
  269 S 10  4  0.2707  0.6880  0.0413 
  270 G 11  3  0.3742  0.0986  0.5272 
  271 S 10  4  0.2707  0.6880  0.0413 
  272 G 11  3  0.3742  0.0986  0.5272 
  273 S 10  4  0.2707  0.6880  0.0413 
  274 G 11  3  0.3742  0.0986  0.5272 
  275 S 10  4  0.2707  0.6880  0.0413 
  276 G 11  3  0.3768  0.1023  0.5209 
  277 S 10  4  0.3098  0.6494  0.0408 
  278 G  7  3  0.1976  0.3045  0.4979 
  279 S  6  0  0.0498  0.9502  0.0000 
  280 V  3  3  0.0000  0.0000  0.0000 
  281 L  7  0  0.0123  0.9877  0.0000 
  282 Y  7  4  0.0233  0.9532  0.0235 
  283 V 10  3  0.0188  0.9812  0.0000 
  284 G 10  3  0.9262  0.0249  0.0489 
  285 S 11  4  0.0121  0.9839  0.0039 
  286 K 12  4  0.0076  0.9908  0.0016 
  287 T 12  4  0.0053  0.9927  0.0020 
  288 K 12  4  0.0115  0.9876  0.0009 
  289 E 11  4  0.0000  1.0000  0.0000 
  290 G 11  3  0.4631  0.4068  0.1301 
  291 V 11  4  0.0000  1.0000  0.0000 
  292 V 10  4  0.0000  0.9968  0.0032 
  293 H  7  2  0.0000  0.0000  0.0000 
  294 G  7  1  0.0000  0.0000  0.0000 
  295 V  9  4  0.0000  0.9867  0.0133 
  296 A 12  4  0.0146  0.9854  0.0000 
  297 T 12  4  0.0170  0.9830  0.0000 
  298 V  8  4  0.0022  0.9959  0.0019 
  299 A  4  0  0.0000  0.0000  0.0000 
  300 E  3  0  0.0000  0.0000  0.0000 
  301 K  7  3  0.0331  0.9627  0.0042 
  302 T  9  4  0.8031  0.1560  0.0409 
  303 K  6  2  0.0000  0.0000  0.0000 
  304 E  3  0  0.0000  0.0000  0.0000 
  305 Q  5  1  0.0000  0.0000  0.0000 
  306 V  9  4  0.0000  0.9955  0.0045 
  307 T 12  4  0.0144  0.9850  0.0006 
  308 N 12  4  0.0169  0.9831  0.0000 
  309 V 11  4  0.0381  0.9567  0.0052 
  310 G 10  3  0.0715  0.0145  0.9140 
  311 G 10  3  0.0000  1.0000  0.0000 
  312 A 11  4  0.0094  0.9903  0.0004 
  313 V 12  4  0.0061  0.9928  0.0010 
  314 V 12  4  0.0111  0.9889  0.0000 
  315 T 11  4  0.0697  0.9249  0.0054 
  316 G 11  3  0.0000  0.9715  0.0285 
  317 V 11  4  0.0089  0.9911  0.0000 
  318 T 12  4  0.0252  0.9748  0.0000 
  319 A 12  4  0.0219  0.9764  0.0018 
  320 V 12  4  0.0191  0.9802  0.0006 
  321 A 12  4  0.0187  0.9790  0.0023 
  322 Q 12  4  0.0000  0.9993  0.0007 
  323 K 12  4  0.9850  0.0029  0.0120 
  324 T 12  4  0.0075  0.9858  0.0067 
  325 V 12  4  0.0106  0.9882  0.0012 
  326 E 11  4  0.0080  0.9920  0.0000 
  327 G 11  3  0.0084  0.9916  0.0000 
  328 A 10  4  0.1814  0.8038  0.0148 
  329 G 11  3  0.0263  0.0185  0.9552 
  330 S 11  4  0.0330  0.9670  0.0000 
  331 I 12  4  0.0914  0.9009  0.0077 
  332 A 12  4  0.0858  0.9012  0.0130 
  333 A 12  4  0.0100  0.9870  0.0030 
  334 A 12  4  0.0164  0.9836  0.0000 
  335 T 11  4  0.0198  0.9758  0.0044 
  336 G 11  3  0.0270  0.9730  0.0000 
  337 F 11  4  0.0183  0.9817  0.0000 
  338 V 11  4  0.0368  0.9631  0.0001 
  339 K  9  3  0.0516  0.9333  0.0151 
  340 K  8  2  0.0336  0.9035  0.0629 
  341 G  9  3  0.2974  0.5587  0.1439 
  342 S 10  4  0.2959  0.6878  0.0162 
  343 G 11  3  0.3633  0.0804  0.5563 
  344 S 10  4  0.2685  0.6900  0.0414 
  345 G 11  3  0.3742  0.0986  0.5272 
  346 S 10  4  0.2707  0.6880  0.0413 
  347 G 11  3  0.3742  0.0986  0.5272 
  348 S 10  4  0.2707  0.6880  0.0413 
  349 G 11  3  0.3742  0.0986  0.5272 
  350 S 10  4  0.2707  0.6880  0.0413 
  351 G 11  3  0.3742  0.0986  0.5272 
  352 S 10  4  0.2707  0.6880  0.0413 
  353 G 11  3  0.3742  0.0986  0.5272 
  354 S 10  4  0.2707  0.6880  0.0413 
  355 G 11  3  0.3742  0.0986  0.5272 
  356 S 10  4  0.2707  0.6880  0.0413 
  357 G 11  3  0.3742  0.0986  0.5272 
  358 S 10  4  0.2707  0.6880  0.0413 
  359 G 11  3  0.3742  0.0986  0.5272 
  360 S 10  4  0.2707  0.6880  0.0413 
  361 G 11  3  0.3742  0.0986  0.5272 
  362 S 10  4  0.2707  0.6880  0.0413 
  363 G 11  3  0.3742  0.0986  0.5272 
  364 S 10  4  0.2707  0.6880  0.0413 
  365 G 11  3  0.3742  0.0986  0.5272 
  366 S 10  4  0.2707  0.6880  0.0413 
  367 G 11  3  0.3742  0.0986  0.5272 
  368 S 10  4  0.2707  0.6880  0.0413 
  369 G 11  3  0.3768  0.1023  0.5209 
  370 S 10  4  0.3098  0.6494  0.0408 
  371 G  7  3  0.1976  0.3045  0.4979 
  372 S  6  0  0.0498  0.9502  0.0000 
  373 V  3  3  0.0000  0.0000  0.0000 
  374 L  7  0  0.0123  0.9877  0.0000 
  375 Y  7  4  0.0233  0.9532  0.0235 
  376 V 10  3  0.0188  0.9812  0.0000 
  377 G 10  3  0.9262  0.0249  0.0489 
  378 S 11  4  0.0121  0.9839  0.0039 
  379 K 12  4  0.0076  0.9908  0.0016 
  380 T 12  4  0.0053  0.9927  0.0020 
  381 K 12  4  0.0115  0.9876  0.0009 
  382 E 11  4  0.0000  1.0000  0.0000 
  383 G 11  3  0.4631  0.4068  0.1301 
  384 V 11  4  0.0000  1.0000  0.0000 
  385 V 10  4  0.0000  0.9968  0.0032 
  386 H  7  2  0.0000  0.0000  0.0000 
  387 G  7  1  0.0000  0.0000  0.0000 
  388 V  9  4  0.0000  0.9867  0.0133 
  389 A 12  4  0.0146  0.9854  0.0000 
  390 T 12  4  0.0170  0.9830  0.0000 
  391 V  8  4  0.0022  0.9959  0.0019 
  392 A  4  0  0.0000  0.0000  0.0000 
  393 E  3  0  0.0000  0.0000  0.0000 
  394 K  7  3  0.0331  0.9627  0.0042 
  395 T  9  4  0.8031  0.1560  0.0409 
  396 K  6  2  0.0000  0.0000  0.0000 
  397 E  3  0  0.0000  0.0000  0.0000 
  398 Q  5  1  0.0000  0.0000  0.0000 
  399 V  9  4  0.0000  0.9955  0.0045 
  400 T 12  4  0.0144  0.9850  0.0006 
  401 N 12  4  0.0169  0.9831  0.0000 
  402 V 11  4  0.0381  0.9567  0.0052 
  403 G 10  3  0.0715  0.0145  0.9140 
  404 G 10  3  0.0000  1.0000  0.0000 
  405 A 11  4  0.0094  0.9903  0.0004 
  406 V 12  4  0.0061  0.9928  0.0010 
  407 V 12  4  0.0111  0.9889  0.0000 
  408 T 11  4  0.0697  0.9249  0.0054 
  409 G 11  3  0.0000  0.9715  0.0285 
  410 V 11  4  0.0089  0.9911  0.0000 
  411 T 12  4  0.0252  0.9748  0.0000 
  412 A 12  4  0.0219  0.9764  0.0018 
  413 V 12  4  0.0191  0.9802  0.0006 
  414 A 12  4  0.0187  0.9790  0.0023 
  415 Q 12  4  0.0000  0.9993  0.0007 
  416 K 12  4  0.9850  0.0029  0.0120 
  417 T 12  4  0.0075  0.9858  0.0067 
  418 V 12  4  0.0106  0.9882  0.0012 
  419 E 11  4  0.0080  0.9920  0.0000 
  420 G 11  3  0.0084  0.9916  0.0000 
  421 A 10  4  0.1814  0.8038  0.0148 
  422 G 11  3  0.0263  0.0185  0.9552 
  423 S 11  4  0.0330  0.9670  0.0000 
  424 I 12  4  0.0914  0.9009  0.0077 
  425 A 12  4  0.0858  0.9012  0.0130 
  426 A 12  4  0.0100  0.9870  0.0030 
  427 A 12  4  0.0164  0.9836  0.0000 
  428 T 11  4  0.0198  0.9758  0.0044 
  429 G 11  3  0.0270  0.9730  0.0000 
  430 F 11  4  0.0183  0.9817  0.0000 
  431 V 11  4  0.0371  0.9629  0.0000 
  432 K  9  3  0.0472  0.9444  0.0084 
  433 K  5  2  0.0000  0.0000  0.0000 
