REMARK  Predicted order parameter (S2) from backbone chemical shifts for ../asyn_gs_long_f.tab
REMARK    from David Wishart's RCI method, JACS, 127(43), 14970-14971

VARS RESID RESNAME CS_CNT CS_CNT_R2 S2 
FORMAT %4d %1s %2d %2d %8.3f 

    1 V  3  3    0.773
    2 L  7  0    0.817
    3 Y  7  4    0.872
    4 V 10  3    0.875
    5 G 10  3    0.887
    6 S 11  4    0.899
    7 K 12  4    0.910
    8 T 12  4    0.912
    9 K 12  4    0.910
   10 E 11  4    0.910
   11 G 11  3    0.910
   12 V 11  4    0.904
   13 V 10  4    0.882
   14 H  7  2    0.871
   15 G  7  1    0.864
   16 V  9  4    0.890
   17 A 12  4    0.897
   18 T 12  4    0.890
   19 V  8  4    0.883
   20 A  4  0    0.858
   21 E  3  0    0.848
   22 K  7  3    0.852
   23 T  9  4    0.841
   24 K  6  2    0.837
   25 E  3  0    0.766
   26 Q  5  1    0.776
   27 V  9  4    0.813
   28 T 12  4    0.886
   29 N 12  4    0.909
   30 V 11  4    0.910
   31 G 10  3    0.901
   32 G 10  3    0.904
   33 A 11  4    0.909
   34 V 12  4    0.911
   35 V 12  4    0.892
   36 T 11  4    0.875
   37 G 11  3    0.874
   38 V 11  4    0.896
   39 T 12  4    0.922
   40 A 12  4    0.933
   41 V 12  4    0.932
   42 A 12  4    0.915
   43 Q 12  4    0.893
   44 K 12  4    0.868
   45 T 12  4    0.865
   46 V 12  4    0.864
   47 E 11  4    0.863
   48 G 11  3    0.823
   49 A 10  4    0.775
   50 G 11  3    0.720
   51 S 11  4    0.681
   52 I 12  4    0.710
   53 A 12  4    0.776
   54 A 12  4    0.879
   55 A 12  4    0.914
   56 T 11  4    0.926
   57 G 11  3    0.932
   58 F 11  4    0.939
   59 V 11  4    0.939
   60 K  9  3    0.921
   61 K  8  2    0.870
   62 G  9  3    0.702
   63 S 10  4    0.576
   64 G 11  3    0.485
   65 S 10  4    0.477
   66 G 11  3    0.470
   67 S 10  4    0.481
   68 G 11  3    0.470
   69 S 10  4    0.481
   70 G 11  3    0.470
   71 S 10  4    0.481
   72 G 11  3    0.470
   73 S 10  4    0.481
   74 G 11  3    0.470
   75 S 10  4    0.481
   76 G 11  3    0.470
   77 S 10  4    0.481
   78 G 11  3    0.470
   79 S 10  4    0.481
   80 G 11  3    0.470
   81 S 10  4    0.481
   82 G 11  3    0.470
   83 S 10  4    0.481
   84 G 11  3    0.470
   85 S 10  4    0.481
   86 G 11  3    0.470
   87 S 10  4    0.481
   88 G 11  3    0.470
   89 S 10  4    0.481
   90 G 11  3    0.464
   91 S 10  4    0.506
   92 G  7  3    0.513
   93 S  6  0    0.665
   94 V  3  3    0.746
   95 L  7  0    0.801
   96 Y  7  4    0.872
   97 V 10  3    0.875
   98 G 10  3    0.887
   99 S 11  4    0.899
  100 K 12  4    0.910
  101 T 12  4    0.912
  102 K 12  4    0.910
  103 E 11  4    0.910
  104 G 11  3    0.910
  105 V 11  4    0.904
  106 V 10  4    0.882
  107 H  7  2    0.871
  108 G  7  1    0.864
  109 V  9  4    0.890
  110 A 12  4    0.897
  111 T 12  4    0.890
  112 V  8  4    0.883
  113 A  4  0    0.858
  114 E  3  0    0.848
  115 K  7  3    0.852
  116 T  9  4    0.841
  117 K  6  2    0.837
  118 E  3  0    0.766
  119 Q  5  1    0.776
  120 V  9  4    0.813
  121 T 12  4    0.886
  122 N 12  4    0.909
  123 V 11  4    0.910
  124 G 10  3    0.901
  125 G 10  3    0.904
  126 A 11  4    0.909
  127 V 12  4    0.911
  128 V 12  4    0.892
  129 T 11  4    0.875
  130 G 11  3    0.874
  131 V 11  4    0.896
  132 T 12  4    0.922
  133 A 12  4    0.933
  134 V 12  4    0.932
  135 A 12  4    0.915
  136 Q 12  4    0.893
  137 K 12  4    0.868
  138 T 12  4    0.865
  139 V 12  4    0.864
  140 E 11  4    0.863
  141 G 11  3    0.823
  142 A 10  4    0.775
  143 G 11  3    0.720
  144 S 11  4    0.681
  145 I 12  4    0.710
  146 A 12  4    0.776
  147 A 12  4    0.879
  148 A 12  4    0.914
  149 T 11  4    0.926
  150 G 11  3    0.932
  151 F 11  4    0.939
  152 V 11  4    0.939
  153 K  9  3    0.921
  154 K  8  2    0.870
  155 G  9  3    0.702
  156 S 10  4    0.576
  157 G 11  3    0.485
  158 S 10  4    0.477
  159 G 11  3    0.470
  160 S 10  4    0.481
  161 G 11  3    0.470
  162 S 10  4    0.481
  163 G 11  3    0.470
  164 S 10  4    0.481
  165 G 11  3    0.470
  166 S 10  4    0.481
  167 G 11  3    0.470
  168 S 10  4    0.481
  169 G 11  3    0.470
  170 S 10  4    0.481
  171 G 11  3    0.470
  172 S 10  4    0.481
  173 G 11  3    0.470
  174 S 10  4    0.481
  175 G 11  3    0.470
  176 S 10  4    0.481
  177 G 11  3    0.470
  178 S 10  4    0.481
  179 G 11  3    0.470
  180 S 10  4    0.481
  181 G 11  3    0.470
  182 S 10  4    0.481
  183 G 11  3    0.464
  184 S 10  4    0.506
  185 G  7  3    0.513
  186 S  6  0    0.665
  187 V  3  3    0.746
  188 L  7  0    0.801
  189 Y  7  4    0.872
  190 V 10  3    0.875
  191 G 10  3    0.887
  192 S 11  4    0.899
  193 K 12  4    0.910
  194 T 12  4    0.912
  195 K 12  4    0.910
  196 E 11  4    0.910
  197 G 11  3    0.910
  198 V 11  4    0.904
  199 V 10  4    0.882
  200 H  7  2    0.871
  201 G  7  1    0.864
  202 V  9  4    0.890
  203 A 12  4    0.897
  204 T 12  4    0.890
  205 V  8  4    0.883
  206 A  4  0    0.858
  207 E  3  0    0.848
  208 K  7  3    0.852
  209 T  9  4    0.841
  210 K  6  2    0.837
  211 E  3  0    0.766
  212 Q  5  1    0.776
  213 V  9  4    0.813
  214 T 12  4    0.886
  215 N 12  4    0.909
  216 V 11  4    0.910
  217 G 10  3    0.901
  218 G 10  3    0.904
  219 A 11  4    0.909
  220 V 12  4    0.911
  221 V 12  4    0.892
  222 T 11  4    0.875
  223 G 11  3    0.874
  224 V 11  4    0.896
  225 T 12  4    0.922
  226 A 12  4    0.933
  227 V 12  4    0.932
  228 A 12  4    0.915
  229 Q 12  4    0.893
  230 K 12  4    0.868
  231 T 12  4    0.865
  232 V 12  4    0.864
  233 E 11  4    0.863
  234 G 11  3    0.823
  235 A 10  4    0.775
  236 G 11  3    0.720
  237 S 11  4    0.681
  238 I 12  4    0.710
  239 A 12  4    0.776
  240 A 12  4    0.879
  241 A 12  4    0.914
  242 T 11  4    0.926
  243 G 11  3    0.932
  244 F 11  4    0.939
  245 V 11  4    0.939
  246 K  9  3    0.921
  247 K  8  2    0.870
  248 G  9  3    0.702
  249 S 10  4    0.576
  250 G 11  3    0.485
  251 S 10  4    0.477
  252 G 11  3    0.470
  253 S 10  4    0.481
  254 G 11  3    0.470
  255 S 10  4    0.481
  256 G 11  3    0.470
  257 S 10  4    0.481
  258 G 11  3    0.470
  259 S 10  4    0.481
  260 G 11  3    0.470
  261 S 10  4    0.481
  262 G 11  3    0.470
  263 S 10  4    0.481
  264 G 11  3    0.470
  265 S 10  4    0.481
  266 G 11  3    0.470
  267 S 10  4    0.481
  268 G 11  3    0.470
  269 S 10  4    0.481
  270 G 11  3    0.470
  271 S 10  4    0.481
  272 G 11  3    0.470
  273 S 10  4    0.481
  274 G 11  3    0.470
  275 S 10  4    0.481
  276 G 11  3    0.464
  277 S 10  4    0.506
  278 G  7  3    0.513
  279 S  6  0    0.665
  280 V  3  3    0.746
  281 L  7  0    0.801
  282 Y  7  4    0.872
  283 V 10  3    0.875
  284 G 10  3    0.887
  285 S 11  4    0.899
  286 K 12  4    0.910
  287 T 12  4    0.912
  288 K 12  4    0.910
  289 E 11  4    0.910
  290 G 11  3    0.910
  291 V 11  4    0.904
  292 V 10  4    0.882
  293 H  7  2    0.871
  294 G  7  1    0.864
  295 V  9  4    0.890
  296 A 12  4    0.897
  297 T 12  4    0.890
  298 V  8  4    0.883
  299 A  4  0    0.858
  300 E  3  0    0.848
  301 K  7  3    0.852
  302 T  9  4    0.841
  303 K  6  2    0.837
  304 E  3  0    0.766
  305 Q  5  1    0.776
  306 V  9  4    0.813
  307 T 12  4    0.886
  308 N 12  4    0.909
  309 V 11  4    0.910
  310 G 10  3    0.901
  311 G 10  3    0.904
  312 A 11  4    0.909
  313 V 12  4    0.911
  314 V 12  4    0.892
  315 T 11  4    0.875
  316 G 11  3    0.874
  317 V 11  4    0.896
  318 T 12  4    0.922
  319 A 12  4    0.933
  320 V 12  4    0.932
  321 A 12  4    0.915
  322 Q 12  4    0.893
  323 K 12  4    0.868
  324 T 12  4    0.865
  325 V 12  4    0.864
  326 E 11  4    0.863
  327 G 11  3    0.823
  328 A 10  4    0.775
  329 G 11  3    0.720
  330 S 11  4    0.681
  331 I 12  4    0.710
  332 A 12  4    0.776
  333 A 12  4    0.879
  334 A 12  4    0.914
  335 T 11  4    0.926
  336 G 11  3    0.932
  337 F 11  4    0.939
  338 V 11  4    0.939
  339 K  9  3    0.921
  340 K  8  2    0.870
  341 G  9  3    0.702
  342 S 10  4    0.576
  343 G 11  3    0.485
  344 S 10  4    0.477
  345 G 11  3    0.470
  346 S 10  4    0.481
  347 G 11  3    0.470
  348 S 10  4    0.481
  349 G 11  3    0.470
  350 S 10  4    0.481
  351 G 11  3    0.470
  352 S 10  4    0.481
  353 G 11  3    0.470
  354 S 10  4    0.481
  355 G 11  3    0.470
  356 S 10  4    0.481
  357 G 11  3    0.470
  358 S 10  4    0.481
  359 G 11  3    0.470
  360 S 10  4    0.481
  361 G 11  3    0.470
  362 S 10  4    0.481
  363 G 11  3    0.470
  364 S 10  4    0.481
  365 G 11  3    0.470
  366 S 10  4    0.481
  367 G 11  3    0.470
  368 S 10  4    0.481
  369 G 11  3    0.464
  370 S 10  4    0.506
  371 G  7  3    0.513
  372 S  6  0    0.665
  373 V  3  3    0.746
  374 L  7  0    0.801
  375 Y  7  4    0.872
  376 V 10  3    0.875
  377 G 10  3    0.887
  378 S 11  4    0.899
  379 K 12  4    0.910
  380 T 12  4    0.912
  381 K 12  4    0.910
  382 E 11  4    0.910
  383 G 11  3    0.910
  384 V 11  4    0.904
  385 V 10  4    0.882
  386 H  7  2    0.871
  387 G  7  1    0.864
  388 V  9  4    0.890
  389 A 12  4    0.897
  390 T 12  4    0.890
  391 V  8  4    0.883
  392 A  4  0    0.858
  393 E  3  0    0.848
  394 K  7  3    0.852
  395 T  9  4    0.841
  396 K  6  2    0.837
  397 E  3  0    0.766
  398 Q  5  1    0.776
  399 V  9  4    0.813
  400 T 12  4    0.886
  401 N 12  4    0.909
  402 V 11  4    0.910
  403 G 10  3    0.901
  404 G 10  3    0.904
  405 A 11  4    0.909
  406 V 12  4    0.911
  407 V 12  4    0.892
  408 T 11  4    0.875
  409 G 11  3    0.874
  410 V 11  4    0.896
  411 T 12  4    0.922
  412 A 12  4    0.933
  413 V 12  4    0.932
  414 A 12  4    0.915
  415 Q 12  4    0.893
  416 K 12  4    0.868
  417 T 12  4    0.865
  418 V 12  4    0.864
  419 E 11  4    0.863
  420 G 11  3    0.823
  421 A 10  4    0.775
  422 G 11  3    0.720
  423 S 11  4    0.681
  424 I 12  4    0.710
  425 A 12  4    0.776
  426 A 12  4    0.879
  427 A 12  4    0.914
  428 T 11  4    0.926
  429 G 11  3    0.932
  430 F 11  4    0.939
  431 V 11  4    0.935
  432 K  9  3    0.920
  433 K  5  2    0.909
